erp_order_num	 product_id	 quantity	 unit_price	 unit_deposit	 
SO-0017987	 570	 1	 30.0	 3.0	 
SO-0017987	 440	 1	 175.0	 17.5	 
SO-0017987	 438	 1	 250.0	 25.0	 
SO-0017987	 420	 1	 70.0	 7.0	 
SO-0017987	 265	 1	 2500.0	 250.0	 
SO-0017987	 356	 1	 900.0	 90.0	 
SO-0017987	 395	 1	 200.0	 20.0	 
SO-0017990	 430	 2	 300.0	 30.0	 
SO-0017990	 431	 2	 400.0	 40.0	 
SO-0017990	 429	 2	 250.0	 25.0	 
SO-0017991	 570	 1	 30.0	 3.0	 
SO-0017991	 518	 1	 20.0	 2.0	 
SO-0017992	 395	 2	 400.0	 40.0	 
SO-0017998	 300	 1	 180.0	 18.0	 
SO-0017998	 302	 1	 180.0	 18.0	 
SO-0017999	 441	 1	 150.0	 15.0	 
SO-0017999	 415	 2	 250.0	 25.0	 
SO-0018000	 453	 1	 1250.0	 125.0	 
SO-0018000	 265	 1	 2500.0	 250.0	 
SO-0018000	 322	 1	 550.0	 55.0	 
SO-0018002	 301	 1	 260.0	 26.0	 
SO-0018004	 356	 1	 900.0	 90.0	 
SO-0018004	 476	 1	 45.0	 4.5	 
SO-0018004	 379	 1	 495.0	 49.5	 
SO-0018004	 242	 1	 2950.0	 295.0	 
SO-0018004	 458	 1	 150.0	 15.0	 
SO-0018004	 301	 1	 260.0	 26.0	 
SO-0018006	 320	 2	 900.0	 90.0	 
SO-0018009	 475	 1	 600.0	 60.0	 
SO-0018017	 320	 2	 900.0	 90.0	 
SO-0018019	 38	 1	 19.0	 1.9	 
SO-0018021	 356	 2	 1800.0	 180.0	 
SO-0018023	 434	 1	 80.0	 8.0	 
SO-0018025	 38	 2	 38.0	 3.8	 
SO-0018025	 163	 2	 70.0	 7.0	 
SO-0018025	 265	 1	 2500.0	 250.0	 
SO-0018026	 38	 5	 95.0	 9.5	 
SO-0018028	 230	 -1	 -8500.0	 -850.0	 
SO-0018028	 622	 1	 0.0	 0.0	 
SO-0018029	 475	 -1	 -600.0	 -60.0	 
SO-0018032	 325	 1	 135.0	 13.5	 
SO-0018032	 570	 1	 30.0	 3.0	 
SO-0018040	 333	 3	 525.0	 52.5	 
SO-0018042	 242	 1	 2950.0	 295.0	 
SO-0018043	 330	 1	 1450.0	 145.0	 
SO-0018046	 1	 1	 17500.0	 1750.0	 
SO-0018046	 453	 1	 1250.0	 125.0	 
SO-0018046	 264	 1	 1700.0	 170.0	 
SO-0018046	 374	 1	 500.0	 50.0	 
SO-0018046	 382	 3	 1485.0	 148.5	 
SO-0018046	 380	 1	 495.0	 49.5	 
SO-0018046	 417	 1	 250.0	 25.0	 
SO-0018046	 421	 1	 150.0	 15.0	 
SO-0018046	 415	 1	 125.0	 12.5	 
SO-0018046	 81	 1	 12.0	 1.2	 
SO-0018046	 40	 3	 27.0	 2.7	 
SO-0018046	 419	 2	 80.0	 8.0	 
SO-0018046	 420	 2	 140.0	 14.0	 
SO-0018046	 440	 1	 175.0	 17.5	 
SO-0018046	 438	 1	 250.0	 25.0	 
SO-0018046	 445	 1	 300.0	 30.0	 
SO-0018047	 380	 1	 495.0	 49.5	 
SO-0018048	 1	 1	 17500.0	 1750.0	 
SO-0018048	 265	 1	 2500.0	 250.0	 
SO-0018048	 242	 1	 2950.0	 295.0	 
SO-0018048	 374	 1	 500.0	 50.0	 
SO-0018048	 356	 1	 900.0	 90.0	 
SO-0018048	 380	 2	 990.0	 99.0	 
SO-0018048	 333	 1	 175.0	 17.5	 
SO-0018048	 303	 1	 260.0	 26.0	 
SO-0018048	 396	 1	 100.0	 10.0	 
SO-0018048	 162	 1	 35.0	 3.5	 
SO-0018048	 395	 1	 200.0	 20.0	 
SO-0018048	 453	 1	 1250.0	 125.0	 
SO-0018049	 330	 4	 5800.0	 580.0	 
SO-0018050	 357	 4	 18000.0	 1800.0	 
SO-0018054	 417	 1	 250.0	 25.0	 
SO-0018054	 438	 1	 250.0	 25.0	 
SO-0018054	 415	 1	 125.0	 12.5	 
SO-0018054	 421	 1	 150.0	 15.0	 
SO-0018054	 419	 2	 80.0	 8.0	 
SO-0018058	 421	 1	 150.0	 15.0	 
SO-0018058	 415	 1	 125.0	 12.5	 
SO-0018060	 300	 1	 180.0	 18.0	 
SO-0018061	 330	 1	 1450.0	 145.0	 
SO-0018062	 469	 1	 500.0	 50.0	 
SO-0018075	 1	 1	 17500.0	 1750.0	 
SO-0018075	 599	 1	 500.0	 50.0	 
SO-0018075	 600	 1	 750.0	 75.0	 
SO-0018076	 1	 1	 17500.0	 1750.0	 
SO-0018076	 265	 1	 2500.0	 250.0	 
SO-0018076	 242	 1	 2950.0	 295.0	 
SO-0018076	 374	 1	 500.0	 50.0	 
SO-0018076	 356	 1	 900.0	 90.0	 
SO-0018076	 478	 1	 600.0	 60.0	 
SO-0018076	 419	 2	 80.0	 8.0	 
SO-0018076	 423	 2	 110.0	 11.0	 
SO-0018076	 380	 1	 495.0	 49.5	 
SO-0018076	 395	 1	 200.0	 20.0	 
SO-0018076	 38	 2	 38.0	 3.8	 
SO-0018076	 163	 2	 70.0	 7.0	 
SO-0018076	 333	 1	 175.0	 17.5	 
SO-0018078	 264	 1	 1700.0	 170.0	 
SO-0018078	 163	 1	 35.0	 3.5	 
SO-0018078	 38	 1	 19.0	 1.9	 
SO-0018083	 378	 1	 165.0	 16.5	 
SO-0018086	 330	 1	 1450.0	 145.0	 
SO-0018086	 320	 1	 450.0	 45.0	 
SO-0018092	 395	 1	 200.0	 20.0	 
SO-0018092	 447	 2	 40.0	 4.0	 
SO-0018092	 384	 1	 200.0	 20.0	 
SO-0018096	 379	 2	 990.0	 99.0	 
SO-0018097	 356	 1	 900.0	 90.0	 
SO-0018097	 395	 1	 200.0	 20.0	 
SO-0018098	 379	 4	 1980.0	 198.0	 
SO-0018098	 320	 1	 450.0	 45.0	 
SO-0018098	 479	 1	 900.0	 90.0	 
SO-0018098	 438	 1	 250.0	 25.0	 
SO-0018098	 430	 2	 300.0	 30.0	 
SO-0018098	 570	 1	 30.0	 3.0	 
SO-0018098	 445	 1	 300.0	 30.0	 
SO-0018098	 356	 1	 900.0	 90.0	 
SO-0018098	 510	 1	 50.0	 5.0	 
SO-0018098	 436	 1	 200.0	 20.0	 
SO-0018098	 325	 1	 135.0	 13.5	 
SO-0018101	 421	 1	 150.0	 15.0	 
SO-0018101	 415	 1	 125.0	 12.5	 
SO-0018101	 420	 1	 70.0	 7.0	 
SO-0018101	 418	 1	 250.0	 25.0	 
SO-0018102	 395	 1	 200.0	 20.0	 
SO-0018102	 396	 1	 100.0	 10.0	 
SO-0018102	 300	 1	 180.0	 18.0	 
SO-0018109	 1	 1	 17500.0	 1750.0	 
SO-0018109	 242	 1	 2950.0	 295.0	 
SO-0018109	 265	 1	 2500.0	 250.0	 
SO-0018109	 300	 1	 180.0	 18.0	 
SO-0018109	 302	 1	 180.0	 18.0	 
SO-0018109	 453	 1	 1250.0	 125.0	 
SO-0018109	 458	 1	 150.0	 15.0	 
SO-0018110	 320	 3	 1350.0	 135.0	 
SO-0018111	 330	 2	 2900.0	 290.0	 
SO-0018111	 320	 2	 900.0	 90.0	 
SO-0018117	 382	 1	 495.0	 49.5	 
SO-0018119	 415	 1	 125.0	 12.5	 
SO-0018121	 333	 1	 175.0	 17.5	 
SO-0018121	 378	 2	 330.0	 33.0	 
SO-0018125	 330	 1	 1450.0	 145.0	 
SO-0018125	 320	 1	 450.0	 45.0	 
SO-0018126	 33	 1	 1050.0	 105.0	 
SO-0018126	 267	 1	 1125.0	 112.5	 
SO-0018128	 436	 4	 800.0	 80.0	 
SO-0018128	 438	 1	 250.0	 25.0	 
SO-0018128	 569	 1	 30.0	 3.0	 
SO-0018130	 357	 1	 4500.0	 450.0	 
SO-0018132	 417	 1	 250.0	 25.0	 
SO-0018132	 395	 2	 400.0	 40.0	 
SO-0018139	 333	 1	 175.0	 17.5	 
SO-0018139	 356	 2	 1800.0	 180.0	 
SO-0018139	 395	 2	 400.0	 40.0	 
SO-0018139	 396	 1	 100.0	 10.0	 
SO-0018139	 303	 1	 260.0	 26.0	 
SO-0018139	 301	 1	 260.0	 26.0	 
SO-0018142	 417	 2	 500.0	 50.0	 
SO-0018142	 440	 2	 350.0	 35.0	 
SO-0018142	 438	 2	 500.0	 50.0	 
SO-0018142	 415	 1	 125.0	 12.5	 
SO-0018142	 421	 1	 150.0	 15.0	 
SO-0018147	 395	 1	 200.0	 20.0	 
SO-0018147	 307	 1	 220.0	 22.0	 
SO-0018147	 306	 1	 220.0	 22.0	 
SO-0018148	 356	 3	 2700.0	 270.0	 
SO-0018150	 230	 1	 8500.0	 850.0	 
SO-0018164	 379	 5	 2475.0	 247.5	 
SO-0018164	 569	 3	 90.0	 9.0	 
SO-0018164	 570	 2	 60.0	 6.0	 
SO-0018165	 330	 1	 1450.0	 145.0	 
SO-0018165	 320	 1	 450.0	 45.0	 
SO-0018166	 374	 1	 500.0	 50.0	 
SO-0018167	 547	 1	 35.0	 3.5	 
SO-0018170	 570	 1	 30.0	 3.0	 
SO-0018170	 528	 1	 20.0	 2.0	 
SO-0018170	 528	 -1	 -20.0	 -2.0	 
SO-0018170	 530	 1	 20.0	 2.0	 
SO-0018170	 529	 1	 20.0	 2.0	 
SO-0018172	 469	 1	 500.0	 50.0	 
SO-0018172	 380	 6	 2970.0	 297.0	 
SO-0018172	 396	 2	 200.0	 20.0	 
SO-0018172	 395	 2	 400.0	 40.0	 
SO-0018172	 400	 2	 500.0	 50.0	 
SO-0018172	 436	 2	 400.0	 40.0	 
SO-0018172	 446	 1	 100.0	 10.0	 
SO-0018172	 415	 1	 125.0	 12.5	 
SO-0018172	 438	 1	 250.0	 25.0	 
SO-0018172	 458	 2	 300.0	 30.0	 
SO-0018172	 457	 2	 240.0	 24.0	 
